Figure_2.png stats:
Threshold: 0.4
ROC-AUC: 0.013431111111111112
Accuracy: 0.9393103448275862
Precision: 0.9170506912442397
Recall: 0.8844444444444445
F1-Score: 0.9004524886877828

